1420934851
1527897354
451047459
373966220
764136300
1882439148
864226981
2091789085
1577907387
33803207
364283206
1360280782
992736890
738617869
440380481
1527243527
2011606336
1584139300
1688734910
910444907
159974848
129989892
808222499
2011267311
465013784
1118279279
1183037095
1291532912
832350227
1347008314
307806898
1143416913
1568706401
925612399
1729721441
383699231
1031364421
664353849
336686267
838789596
2007694167
1835926835
1866598774
879960104
1703459358
1769177272
476241937
1933453524
286234061
787036217
1764923135
864327003
1101701586
1752315148
1625781057
894034211
1436979928
893180194
1318472384
530304110
244483783
777194148
532545705
1534131266
152316849
459001670
1646715064
364964921
625208545
386182582
1551538580
1685567386
1843275653
1911750200
2044268134
408401807
650222222
1469594376
395921622
262966036
1805076296
681157230
313026523
1363604665
476624523
161930061
666345792
859409197
1905016097
1316380720
36734173
1032934016
1573554276
2138454656
968299324
952469755
1440144784
2053550716
211993267
50272243
251974405
888877621
2085740530
1780011906
687385103
2005632247
731496293
359462371
146482003
607204971
692359476
1124437507
1459729078
43733291
1732401265
1504365288
1121978497
1767883876
567640119
532429078
1100902233
559568825
927887564
2145736489
296019663
2114008849
411901879
409521198
728362511
544485473
1257198551
1439087371
1215012141
470569637
1297091747
1896217839
337766000
217500164
1333667759
698490367
2118632731
1990286369
2069549883
1527749481
1221053334
1973611956
